1.317654969636946321e+08
4.112763785211410373e+07
9.921194144029079005e+06
5.404448914995695464e+06
2.005956042154798284e+06
1.959866982731282711e+06
1.141426962047000881e+06
8.700241307185128098e+05
5.672430305350996787e+05
5.409903676759970840e+05
3.487841510944158072e+05
3.146305694304417120e+05
2.325656830323054164e+05
2.468941198268085136e+05
1.298286655406881619e+05
1.762419242346050669e+04
6.656481273392034927e+04
2.789402783379227185e+04
3.467178447652227624e+04
3.984183005536691780e+04
4.934402204138808884e+04
4.475277001705006114e+04
