8.744598769754287720e+09
7.732364781698997021e+08
1.999085442322221696e+08
1.276993239539181739e+08
2.652882602758715674e+07
2.215241389514112845e+07
1.833346434772921726e+07
1.568214887213806063e+07
1.246827367219364829e+07
1.024176210109489784e+07
8.001839468542010523e+06
5.250372748226713389e+06
4.903073361638339236e+06
3.507011749994846527e+06
2.539222394733597059e+06
7.180572317422775086e+05
5.500276957367882133e+05
2.697751147490755829e+04
2.611696967852424132e+05
2.269431260399063467e+05
1.443681068567004113e+05
1.824949171129702299e+05
