1.302974621454239786e+08
4.163514293414776027e+07
9.417373378499982879e+06
5.293463344244587235e+06
2.018446197726332350e+06
1.960306445669070119e+06
1.237452840687126620e+06
9.596667947893539676e+05
5.856668494724943303e+05
5.622813544787021820e+05
3.698717388848188566e+05
3.612696146732417983e+05
2.633447359300113167e+05
2.368447735486454039e+05
1.459063614102927677e+05
6.493652313073836558e+04
5.193036666914140369e+04
4.277630132206240523e+04
2.896647053569337368e+04
5.422607611247067325e+03
9.438334740900298129e+03
1.888593319355583662e+04
