8.726802237500085831e+09
9.988257881686228514e+08
3.252312224179690480e+08
1.530273752010921240e+08
8.948924292155040801e+07
3.361690679231004417e+07
2.869456709602382407e+07
2.479921287206753716e+07
2.060326686571110412e+07
1.018084361162800156e+07
8.266759048009202816e+06
5.495037988255860284e+06
3.944855783897050656e+06
5.287251383851995924e+05
1.990304886483938608e+05
1.726800060196465929e+05
2.117721214927051187e+04
9.941283359516136989e+04
7.854146616883054958e+04
7.110610794714123767e+04
