1.233823578876437545e+08
3.966533881059915572e+07
8.867319203162541613e+06
5.060460076152930968e+06
1.867618424969524145e+06
1.643533251008201391e+06
1.083902208274568431e+06
8.073354708193872357e+05
4.967262041260561673e+05
4.713647912233878160e+05
2.895893063268940896e+05
2.527949631056944199e+05
2.200316695592250617e+05
1.635369261485517782e+05
7.865916543677225127e+04
6.599653180390113266e+04
2.010895180641624029e+04
2.283369766414439437e+04
3.931790023921656393e+04
3.575967860122463753e+04
2.852381909211722450e+04
3.187885765079938574e+04
