1.301502023301282078e+08
3.901622948203137517e+07
8.396860013263337314e+06
4.963563012137626298e+06
1.882370046005521202e+06
1.872397971435457934e+06
1.020797571957176435e+06
7.955181075926292688e+05
4.883936386583825224e+05
4.122735527172786533e+05
2.770094071829105960e+05
2.404791015811641701e+05
1.834067519343947351e+05
1.762021068654609844e+05
6.900110036360102822e+04
-9.058204014502344990e+02
1.168029212054140044e+04
1.535059271102032289e+04
2.367629559150513887e+04
3.282864333750993683e+04
3.660381765897550213e+04
4.177881837898154481e+04
