8.743919766731714249e+09
7.786352162800283432e+08
2.033028186386562288e+08
1.338635662498025447e+08
2.793244910773172230e+07
2.184897577700468525e+07
1.546561926159886643e+07
1.458913276991151460e+07
1.195912042241560109e+07
9.941969051886804402e+06
7.884802011437222362e+06
5.082548645896805450e+06
4.767607551135427319e+06
3.422681952598293312e+06
2.541181348046525847e+06
7.939821166389895370e+05
4.782053960533554782e+05
2.311919581723132287e+05
1.530269374829384615e+05
8.643722209519459284e+04
