1.233656938348465860e+08
4.038107423271331191e+07
8.546402831891218200e+06
4.993952764638151042e+06
1.854165671017708955e+06
1.566476567099373788e+06
9.763188674077633768e+05
8.259768628995583858e+05
5.299113385331773898e+05
4.292484666239894577e+05
2.610426322297592415e+05
2.736850516027506092e+05
2.104952605039794871e+05
1.544037226241448079e+05
8.277616384009788453e+04
3.539932723232537683e+04
2.499026627965239459e+04
2.126701066717280628e+04
-4.492664241265599230e+03
9.235564482882376979e+03
3.544338275825960864e+03
4.361720766900094532e+03
