1.227900789884325862e+08
3.998001315894124657e+07
8.973259659903902560e+06
5.096519899496736936e+06
1.869367832894677063e+06
1.547689758612243226e+06
1.121132715054753935e+06
8.448202754695069743e+05
5.236911279491710011e+05
4.825094550937298918e+05
2.916514846370768500e+05
2.646117895802220446e+05
2.245306615950455598e+05
1.435491407630199683e+05
7.789028411798909656e+04
6.497316103122730419e+04
3.713061481160901167e+04
3.928641005024149308e+03
2.648032720933524251e+04
2.313474595639166000e+04
9.942175062472475474e+03
1.531871464758650654e+04
