1.233790745159257054e+08
3.965089254632994533e+07
8.867317673671748489e+06
5.060459793301995844e+06
1.867533765174134169e+06
1.614728117044926854e+06
1.082718147351348773e+06
8.069981793809658848e+05
4.949273610867094249e+05
4.710273172420344781e+05
2.870473955003807787e+05
2.392471068261199980e+05
2.194038185176549596e+05
1.426851551661387784e+05
7.862277115347064682e+04
6.598320444277794741e+04
2.009783545281555052e+04
2.276301685335478760e+04
3.931723486500304716e+04
3.575860275644364447e+04
2.850826193176143352e+04
3.187597543941408367e+04
