1.574117762530779243e+08
5.283493522133659571e+07
9.693637893311027437e+06
5.606946966332032345e+06
4.161331538350205403e+06
2.693557942084804177e+06
1.402121267866210081e+06
9.636818246227826457e+05
8.186334257454762701e+05
7.684941192373116501e+05
4.136879660811618669e+05
3.510113599907658063e+05
2.156904660743337008e+05
1.907680458770373370e+05
1.438490020132616337e+05
1.168145682590190263e+05
8.867144575493141019e+04
4.259475269297579871e+03
6.854854866911988938e+04
2.181896948377386798e+04
4.012168909594602883e+04
5.019498115866153967e+04
