1.577387698884047270e+08
5.300241907597938925e+07
9.384253574890032411e+06
5.597112844000417739e+06
4.134869672442574054e+06
2.748892993385510985e+06
1.470259443641459569e+06
9.412603104511697311e+05
8.064992547498549102e+05
7.511926385057744337e+05
3.914925647292234353e+05
3.547275980925160693e+05
2.204583109609997482e+05
1.768080778887909837e+05
1.102614551857527658e+04
2.122196638715908557e+04
1.387077255350745691e+05
5.722004886309745052e+04
6.676730488870956469e+04
8.594457403231663920e+04
1.159470628608965199e+05
1.002048432041903725e+05
