1.576117462543042302e+08
5.282498701880501211e+07
9.324162009377103299e+06
5.526261748063234612e+06
4.148035362295284867e+06
2.706983810347394552e+06
1.396232491495683789e+06
9.422640133256303379e+05
8.150754631577335531e+05
7.168863728117533028e+05
4.316889938319571665e+05
3.642252585650511901e+05
2.138844494794333004e+05
1.756133202642086253e+05
1.319890197603363777e+05
1.167177623071506678e+05
9.091398323380485817e+04
6.917197056300901750e+04
4.385797647284341110e+03
4.741976141080962407e+04
3.790767213670268393e+04
1.977215937672762811e+04
